Q3 Statistics:
BreadthFirstTreeSearch:		(cost=11.0, expansions=14511)	 3 3 1 0 0 0  1 3 0 2 0 1  2 3 1 1 0 0  0 3 0 3 0 1  1 3 1 2 0 0  1 1 0 2 2 1  2 2 1 1 1 0  2 0 0 1 3 1  3 0 1 0 3 0  1 0 0 2 3 1  1 1 1 2 2 0  0 0 0 3 3 1 
BreadthFirstGraphSearch:	(cost=11.0, expansions=14)	 3 3 1 0 0 0  2 2 0 1 1 1  2 3 1 1 0 0  0 3 0 3 0 1  1 3 1 2 0 0  1 1 0 2 2 1  2 2 1 1 1 0  2 0 0 1 3 1  3 0 1 0 3 0  1 0 0 2 3 1  1 1 1 2 2 0  0 0 0 3 3 1 
UniformCostTreeSearch:		(cost=11.0, expansions=9173)	 3 3 1 0 0 0  1 3 0 2 0 1  2 3 1 1 0 0  0 3 0 3 0 1  1 3 1 2 0 0  1 1 0 2 2 1  2 2 1 1 1 0  2 0 0 1 3 1  3 0 1 0 3 0  1 0 0 2 3 1  1 1 1 2 2 0  0 0 0 3 3 1 
UniformCostGraphSearch:		(cost=11.0, expansions=14)	 3 3 1 0 0 0  1 3 0 2 0 1  2 3 1 1 0 0  0 3 0 3 0 1  1 3 1 2 0 0  1 1 0 2 2 1  2 2 1 1 1 0  2 0 0 1 3 1  3 0 1 0 3 0  1 0 0 2 3 1  2 0 1 1 3 0  0 0 0 3 3 1 
DepthFirstTreeSearch:		(cost=51.0, expansions=51)	 3 3 1 0 0 0  1 3 0 2 0 1  3 3 1 0 0 0  2 2 0 1 1 1  3 3 1 0 0 0  1 3 0 2 0 1  2 3 1 1 0 0  1 3 0 2 0 1  3 3 1 0 0 0  1 3 0 2 0 1  2 3 1 1 0 0  2 2 0 1 1 1  3 3 1 0 0 0  2 2 0 1 1 1  3 3 1 0 0 0  1 3 0 2 0 1  3 3 1 0 0 0  2 2 0 1 1 1  2 3 1 1 0 0  0 3 0 3 0 1  1 3 1 2 0 0  1 1 0 2 2 1  2 2 1 1 1 0  2 0 0 1 3 1  2 2 1 1 1 0  1 1 0 2 2 1  2 2 1 1 1 0  2 0 0 1 3 1  3 0 1 0 3 0  1 0 0 2 3 1  3 0 1 0 3 0  2 0 0 1 3 1  3 0 1 0 3 0  2 0 0 1 3 1  3 0 1 0 3 0  2 0 0 1 3 1  3 0 1 0 3 0  2 0 0 1 3 1  2 2 1 1 1 0  2 0 0 1 3 1  2 2 1 1 1 0  1 1 0 2 2 1  2 2 1 1 1 0  1 1 0 2 2 1  2 2 1 1 1 0  1 1 0 2 2 1  2 2 1 1 1 0  2 0 0 1 3 1  3 0 1 0 3 0  1 0 0 2 3 1  1 1 1 2 2 0  0 0 0 3 3 1 
DepthFirstGraphSearch:		(cost=11.0, expansions=12)	 3 3 1 0 0 0  1 3 0 2 0 1  2 3 1 1 0 0  0 3 0 3 0 1  1 3 1 2 0 0  1 1 0 2 2 1  2 2 1 1 1 0  2 0 0 1 3 1  3 0 1 0 3 0  1 0 0 2 3 1  1 1 1 2 2 0  0 0 0 3 3 1 
TreeSearchDepthLimited(15):	(cost=15.0, expansions=1071)	 3 3 1 0 0 0  1 3 0 2 0 1  2 3 1 1 0 0  0 3 0 3 0 1  2 3 1 1 0 0  0 3 0 3 0 1  2 3 1 1 0 0  0 3 0 3 0 1  1 3 1 2 0 0  1 1 0 2 2 1  2 2 1 1 1 0  2 0 0 1 3 1  3 0 1 0 3 0  1 0 0 2 3 1  2 0 1 1 3 0  0 0 0 3 3 1 
GraphSearchDepthLimited(15):	(cost=11.0, expansions=11)	 3 3 1 0 0 0  2 2 0 1 1 1  2 3 1 1 0 0  0 3 0 3 0 1  1 3 1 2 0 0  1 1 0 2 2 1  2 2 1 1 1 0  2 0 0 1 3 1  3 0 1 0 3 0  1 0 0 2 3 1  2 0 1 1 3 0  0 0 0 3 3 1 
IterativeDeepeningTreeSearch:	(cost=11.0, expansions=10802)	 3 3 1 0 0 0  2 2 0 1 1 1  2 3 1 1 0 0  0 3 0 3 0 1  1 3 1 2 0 0  1 1 0 2 2 1  2 2 1 1 1 0  2 0 0 1 3 1  3 0 1 0 3 0  1 0 0 2 3 1  1 1 1 2 2 0  0 0 0 3 3 1 
IterativeDeepeningGraphSearch:	(cost=11.0, expansions=84)	 3 3 1 0 0 0  1 3 0 2 0 1  2 3 1 1 0 0  0 3 0 3 0 1  1 3 1 2 0 0  1 1 0 2 2 1  2 2 1 1 1 0  2 0 0 1 3 1  3 0 1 0 3 0  1 0 0 2 3 1  1 1 1 2 2 0  0 0 0 3 3 1 

Q5 Statistics with h(n) = Total People on Initial Side/Boat Capacity
AstarTreeSearch:		(cost=11.0, expansions=2953)	 3 3 1 0 0 0  1 3 0 2 0 1  2 3 1 1 0 0  0 3 0 3 0 1  1 3 1 2 0 0  1 1 0 2 2 1  2 2 1 1 1 0  2 0 0 1 3 1  3 0 1 0 3 0  1 0 0 2 3 1  2 0 1 1 3 0  0 0 0 3 3 1 
AstarGraphSearch:		(cost=11.0, expansions=14)	 3 3 1 0 0 0  1 3 0 2 0 1  2 3 1 1 0 0  0 3 0 3 0 1  1 3 1 2 0 0  1 1 0 2 2 1  2 2 1 1 1 0  2 0 0 1 3 1  3 0 1 0 3 0  1 0 0 2 3 1  2 0 1 1 3 0  0 0 0 3 3 1 
